core-112-american-states,0.019230769230769232,1,52
core-112-animal-sounds,0.19047619047619047,4,21
core-112-animal-traits,0.058823529411764705,1,17
core-112-at,0.23958333333333334,23,96
core-112-baby-animals,0.0,0,16
core-112-be,0.4342105263157895,33,76
core-112-color,0.14285714285714285,8,56
core-112-come,0.15384615384615385,10,65
core-112-countries,0.011904761904761904,1,84
core-112-d,0.42105263157894735,24,57
core-112-drink,0.12,6,50
core-112-eat,0.16981132075471697,18,106
core-112-feel,0.3958333333333333,38,96
core-112-get,0.189873417721519,15,79
core-112-g,0.25925925925925924,21,81
core-112-have,0.12941176470588237,11,85
core-112-hear,0.04672897196261682,5,107
core-112-help,0.10112359550561797,9,89
core-112-herds,0.15384615384615385,2,13
core-112-here,0.012658227848101266,1,79
core-112-history,0.05194805194805195,4,77
core-112-holidays,0.0,0,20
core-112-how,0.20454545454545456,9,44
core-112-is,0.20454545454545456,18,88
core-112-it,0.052083333333333336,5,96
core-112-know,0.20588235294117646,21,102
core-112-landmarks,0.030303030303030304,1,33
core-112-little,0.1875,12,64
core-112-look,0.2777777777777778,25,90
core-112-make,0.15841584158415842,16,101
core-112-me,0.07766990291262135,8,103
core-112-more-animals,0.041666666666666664,1,24
core-112-need,0.015384615384615385,1,65
core-112-okay,0.13114754098360656,8,61
core-112-outdoors,0.10144927536231885,7,69
core-112-play,0.1574074074074074,17,108
core-112-politics-and-war,0.022222222222222223,2,90
core-112-put,0.18032786885245902,11,61
core-112-read,0.06593406593406594,6,91
core-112-slang,0.0,0,6
core-112-technology,0.07352941176470588,5,68
core-112-tell,0.20481927710843373,17,83
core-112-there,0.140625,9,64
core-112-they,0.2545454545454545,14,55
core-112-they_1,0.08620689655172414,5,58
core-112-think,0.1388888888888889,10,72
core-112-those,0.06451612903225806,4,62
core-112-treats-and-snacks,0.047619047619047616,3,63
core-112-use,0.07936507936507936,5,63
core-112-was,0.234375,15,64
core-112-water,0.011764705882352941,1,85
core-112-wear,0.018691588785046728,2,107
core-112-when,0.30120481927710846,25,83
core-112-where,0.2894736842105263,22,76
core-112-which,0.21100917431192662,23,109
core-112-wh,0.19230769230769232,15,78
core-112-with,0.05747126436781609,5,87
core-112-work,0.0875,7,80
core-122-home-items,0.07692307692307693,8,104
core-122-little,0.023255813953488372,1,43
keyboard,0.07407407407407407,2,27
numbers,0.0,0,11
TopPage,0.5862068965517241,34,58
