core-112-american-states,0.019230769230769232,1,52
core-112-animal-sounds,0.23809523809523808,5,21
core-112-animal-traits,0.058823529411764705,1,17
core-112-at,0.3229166666666667,31,96
core-112-baby-animals,0.0,0,16
core-112-be,0.5526315789473685,42,76
core-112-color,0.23214285714285715,13,56
core-112-come,0.2923076923076923,19,65
core-112-countries,0.011904761904761904,1,84
core-112-d,0.49122807017543857,28,57
core-112-drink,0.22,11,50
core-112-eat,0.2358490566037736,25,106
core-112-feel,0.5208333333333334,50,96
core-112-get,0.26582278481012656,21,79
core-112-g,0.35802469135802467,29,81
core-112-have,0.2235294117647059,19,85
core-112-hear,0.04672897196261682,5,107
core-112-help,0.19101123595505617,17,89
core-112-herds,0.15384615384615385,2,13
core-112-here,0.05063291139240506,4,79
core-112-history,0.05194805194805195,4,77
core-112-holidays,0.0,0,20
core-112-how,0.25,11,44
core-112-is,0.2840909090909091,25,88
core-112-it,0.09375,9,96
core-112-know,0.27450980392156865,28,102
core-112-landmarks,0.030303030303030304,1,33
core-112-little,0.28125,18,64
core-112-look,0.3888888888888889,35,90
core-112-make,0.24752475247524752,25,101
core-112-me,0.08737864077669903,9,103
core-112-more-animals,0.041666666666666664,1,24
core-112-need,0.03076923076923077,2,65
core-112-okay,0.18032786885245902,11,61
core-112-outdoors,0.13043478260869565,9,69
core-112-play,0.23148148148148148,25,108
core-112-politics-and-war,0.044444444444444446,4,90
core-112-put,0.2459016393442623,15,61
core-112-read,0.10989010989010989,10,91
core-112-slang,0.0,0,6
core-112-technology,0.07352941176470588,5,68
core-112-tell,0.27710843373493976,23,83
core-112-there,0.203125,13,64
core-112-they,0.2909090909090909,16,55
core-112-they_1,0.10344827586206896,6,58
core-112-think,0.16666666666666666,12,72
core-112-those,0.08064516129032258,5,62
core-112-treats-and-snacks,0.06349206349206349,4,63
core-112-use,0.12698412698412698,8,63
core-112-was,0.234375,15,64
core-112-water,0.011764705882352941,1,85
core-112-wear,0.018691588785046728,2,107
core-112-when,0.3855421686746988,32,83
core-112-where,0.40789473684210525,31,76
core-112-which,0.25688073394495414,28,109
core-112-wh,0.2692307692307692,21,78
core-112-with,0.10344827586206896,9,87
core-112-work,0.1375,11,80
core-122-home-items,0.14423076923076922,15,104
core-122-little,0.023255813953488372,1,43
keyboard,0.07407407407407407,2,27
numbers,0.0,0,11
TopPage,0.6379310344827587,37,58
category coverage: 0.9076923076923077