020Fruit,0.4,8,20
020Home_Page,1.0,6,6
020Pronouns,0.7777777777777778,14,18
020verbs_1st,1.0,19,19
020What01,1.0,4,4
020Where01 (1),0.8461538461538461,11,13
020Small_words01,0.9473684210526315,18,19
020MoreVerbs_sing01,0.9473684210526315,18,19
020Social_greetings01,0.3157894736842105,6,19
020verbs_2nd_pl,1.0,19,19
020verbs_3rd_sing,0.47368421052631576,9,19
020verbs_presPart,0.8333333333333334,15,18
020Feelings,0.7894736842105263,15,19
020Feelings02,0.7368421052631579,14,19
020Q_words-punct-verbs,0.75,12,16
020Social_greetings02,0.5,2,4
020Pronouns02,0.6,12,20
020PronounsSelf,0.3076923076923077,4,13
020Adjectives_Adverbs01,0.8666666666666667,13,15
020Adjectives_Adverbs02,0.8421052631578947,16,19
020When02,0.5789473684210527,11,19
020numbers,0.1111111111111111,2,18
020Pronouns03,0.3333333333333333,3,9
020Where02,0.631578947368421,12,19
020Home01,0.7894736842105263,15,19
020Stores01,0.3157894736842105,6,19
020MoreVerbs_sing02,0.7894736842105263,15,19
020MoreVerbs_sing03,0.5789473684210527,11,19
020MoreVerbs_3rd_sing01,0.3684210526315789,7,19
020MoreVerbs_3rd_sing02,0.0,0,19
020MoreVerbs_3rd_sing03,0.10526315789473684,2,19
020MoreVerbs_presPart01,0.42105263157894735,8,19
020MoreVerbs_presPart02,0.3157894736842105,6,19
020MoreVerbs_presPart03,0.3157894736842105,6,19
020verbs_past_sing,0.8421052631578947,16,19
020verbs_past_plural,0.8421052631578947,16,19
020MoreVerbs_past01,0.7368421052631579,14,19
020MoreVerbs_past02,0.42105263157894735,8,19
020MoreVerbs_past03,0.21052631578947367,4,19
020Directions,0.4,4,10
020Colors,0.4117647058823529,7,17
020HowManyMuch,0.6875,11,16
020Order,0.2631578947368421,5,19
020MoreVerbs_3rd_sing04,0.11764705882352941,2,17
020When,0.7333333333333333,11,15
020clock_time,0.21052631578947367,4,19
020Days,0.8571428571428571,12,14
020Months,0.1875,3,16
020date_year,0.05263157894736842,1,19
020Who,0.4,6,15
020Who_MyFamily,1.0,3,3
020Who_neighbors,0.2,3,15
020Who_school,0.36363636363636365,4,11
020Verbs_alternate_forms,0.5714285714285714,8,14
020JoiningWords,0.4444444444444444,8,18
020SportsVerbs,0.5333333333333333,8,15
020Punctuation,0.0,0,6
020Food01,0.6,9,15
020Small_words01ToLstGrd,0.9473684210526315,18,19
020BreakfastChoices,0.29411764705882354,5,17
020Drinks,0.2777777777777778,5,18
020VerbCategories1stSing,0.6666666666666666,8,12
020VerbCategories_3rdSing,0.0,0,12
020VerbCategoriesPart,0.4166666666666667,5,12
020VerbCategoriesPast,0.4166666666666667,5,12
020Weather01,0.45,9,20
020LunchChoices,0.4,4,10
020FoodChoices_protein,0.058823529411764705,1,17
020SportsVerbs_3rd,0.06666666666666667,1,15
020SportsVerbs_part,0.2,3,15
020SportsVerbs_past,0.13333333333333333,2,15
020Adjectives_Adverbs03,0.42105263157894735,8,19
020Condiments,0.1,2,20
020PizzaOptions,0.0,0,16
020GamesLeisure1st,0.45454545454545453,5,11
020GamesLeisure3rdP,0.0,0,11
020GamesLeisurePart,0.18181818181818182,2,11
020GamesLeisurePast,0.09090909090909091,1,11
020SchoolVerbs1st,0.4666666666666667,7,15
020SchoolVerbs3rd,0.0,0,14
020SchoolVerbsPart,0.21428571428571427,3,14
020SchoolVerbsPast,0.0,0,15
020WorkVerbs1st,0.6,3,5
020WorkVerbs3rd,0.0,0,5
020WorkVerbsPart,0.5,2,4
020WorkVerbsPast,0.25,1,4
020Feelings03,0.75,3,4
020MoreVerbs_sing04,0.5294117647058824,9,17
020MoreVerbs_past04,0.47058823529411764,8,17
020MoreVerbs_presPart04,0.4117647058823529,7,17
020SportsAndLeisure,0.21428571428571427,3,14
020SportsItems,0.29411764705882354,5,17
020Small_Words02,1.0,2,2
020BodyParts01,0.2,3,15
020Clothes01,0.2857142857142857,4,14
020Colors_toLast,0.4117647058823529,7,17
020Hats01,0.0,0,18
020OuterWear01,0.0,0,11
020MoreClothes01,0.1111111111111111,2,18
020Shoes01,0.0,0,13
020SoupTypes,0.1875,3,16
020HeadParts,0.0,0,13
020ArmParts,0.0,0,13
020LegParts,0.1,1,10
020TorsoParts,0.1,1,10
020InsideBodyParts,0.0,0,12
020DinnerChoices01,0.36363636363636365,4,11
020Vegetables,0.1111111111111111,2,18
020SideDishes,0.0,0,13
020Desserts,0.25,4,16
020Flavors,0.14285714285714285,2,14
020When03,0.2222222222222222,4,18
020Bread_Choices,0.0,0,9
020Snacks,0.15789473684210525,3,19
020Inside_Items,0.25,2,8
020Kitchen_Items,0.21052631578947367,4,19
020Bathroom_Items,0.0,0,14
020Bedroom_Items,0.15384615384615385,2,13
020Livingroom_Items,0.25,3,12
020Household_Items,0.07692307692307693,1,13
020Small_Appliances,0.0,0,12
020Inside_House_Parts,0.13333333333333333,2,15
020Adjectives_Adverbs04,0.5333333333333333,8,15
020What02,0.6666666666666666,4,6
020Leisure_Items,0.38461538461538464,5,13
020School01,0.6428571428571429,9,14
020Personal_Items,0.07692307692307693,1,13
020School_Items01,0.29411764705882354,5,17
020Animals01,0.23529411764705882,4,17
020Transport,0.0,0,15
020Yard_Items,0.2222222222222222,4,18
020Toys,0.3333333333333333,2,6
020Music_Art_Items,0.4166666666666667,5,12
020School_Items02,0.3333333333333333,1,3
