board_1_1148,0.32727272727272727,18,55
board_1_1149,0.4230769230769231,22,52
board_1_1150,0.7843137254901961,40,51
board_1_1151,0.4666666666666667,21,45
board_1_1152,0.48,24,50
board_1_1153,0.509090909090909,28,55
board_1_1154,0.43902439024390244,18,41
board_1_1155,0.5283018867924528,28,53
board_1_1156,0.5116279069767442,22,43
board_1_1157,0.32653061224489793,16,49
board_1_1158,0.5869565217391305,27,46
board_1_1159,0.10714285714285714,3,28
board_1_1160,0.2391304347826087,11,46
board_1_1161,0.2,11,55
board_1_1162,0.6530612244897959,32,49
board_1_1163,0.5961538461538461,31,52
board_1_1164,0.32727272727272727,18,55
board_1_1165,0.38181818181818183,21,55
board_1_1187,0.21739130434782608,10,46
board_1_1188,0.43333333333333335,13,30
board_1_1189,0.06818181818181818,3,44
board_1_1190,0.25,11,44
board_1_1191,0.22448979591836735,11,49
board_1_14260,0.48936170212765956,23,47
board_1_14436,0.3333333333333333,15,45
board_1_159817,0.25,10,40
board_1_159840,0.4642857142857143,26,56
board_1_159841,0.24390243902439024,10,41
board_1_159850,0.18421052631578946,7,38
board_1_159851,0.15384615384615385,6,39
board_1_159892,0.25,4,16
board_1_159894,0.3,9,30
board_1_159935,0.05263157894736842,2,38
board_1_159936,0.18181818181818182,4,22
board_1_159937,0.02702702702702703,1,37
board_1_159938,0.1388888888888889,5,36
board_1_159939,0.02127659574468085,1,47
board_1_159944,0.11764705882352941,4,34
board_1_159945,0.021739130434782608,1,46
board_1_2000993,0.5,1,2
board_1_2000994,0.5,1,2
board_1_2000995,0.6666666666666666,2,3
board_1_2000996,0.5,1,2
board_1_2000997,0.5,1,2
board_1_2000998,1.0,2,2
board_1_2000999,0.0,0,2
board_1_2001001,1.0,2,2
board_1_2001011,0.5,1,2
board_1_2001050,0.5,1,2
board_1_2001051,0.3333333333333333,1,3
board_1_2001052,0.0,0,3
board_1_2255,0.23076923076923078,3,13
board_1_2277383,0.0,0,4
board_1_41410,0.21621621621621623,8,37
board_1_41441,0.11363636363636363,5,44
board_1_41442,0.17857142857142858,10,56
board_1_416,0.8666666666666667,26,30
board_1_41654,0.40425531914893614,19,47
board_1_41655,0.027777777777777776,1,36
board_1_58,0.14285714285714285,4,28
category coverage: 0.95