board_1_1148,0.23636363636363636,13,55
board_1_1149,0.21153846153846154,11,52
board_1_1150,0.5490196078431373,28,51
board_1_1151,0.4,18,45
board_1_1152,0.36,18,50
board_1_1153,0.2909090909090909,16,55
board_1_1154,0.36585365853658536,15,41
board_1_1155,0.41509433962264153,22,53
board_1_1156,0.4186046511627907,18,43
board_1_1157,0.24489795918367346,12,49
board_1_1158,0.45652173913043476,21,46
board_1_1159,0.07142857142857142,2,28
board_1_1160,0.08695652173913043,4,46
board_1_1161,0.14545454545454545,8,55
board_1_1162,0.42857142857142855,21,49
board_1_1163,0.40384615384615385,21,52
board_1_1164,0.21818181818181817,12,55
board_1_1165,0.2545454545454545,14,55
board_1_1187,0.043478260869565216,2,46
board_1_1188,0.4,12,30
board_1_1189,0.06818181818181818,3,44
board_1_1190,0.11363636363636363,5,44
board_1_1191,0.12244897959183673,6,49
board_1_14260,0.3191489361702128,15,47
board_1_14436,0.28888888888888886,13,45
board_1_159817,0.125,5,40
board_1_159840,0.35714285714285715,20,56
board_1_159841,0.21951219512195122,9,41
board_1_159850,0.15789473684210525,6,38
board_1_159851,0.1282051282051282,5,39
board_1_159892,0.1875,3,16
board_1_159894,0.06666666666666667,2,30
board_1_159935,0.0,0,38
board_1_159936,0.09090909090909091,2,22
board_1_159937,0.02702702702702703,1,37
board_1_159938,0.08333333333333333,3,36
board_1_159939,0.0,0,47
board_1_159944,0.0,0,34
board_1_159945,0.021739130434782608,1,46
board_1_2000993,0.5,1,2
board_1_2000994,0.0,0,2
board_1_2000995,0.3333333333333333,1,3
board_1_2000996,0.5,1,2
board_1_2000997,0.5,1,2
board_1_2000998,0.5,1,2
board_1_2000999,0.0,0,2
board_1_2001001,1.0,2,2
board_1_2001011,0.5,1,2
board_1_2001050,0.5,1,2
board_1_2001051,0.3333333333333333,1,3
board_1_2001052,0.0,0,3
board_1_2255,0.07692307692307693,1,13
board_1_2277383,0.0,0,4
board_1_41410,0.08108108108108109,3,37
board_1_41441,0.06818181818181818,3,44
board_1_41442,0.14285714285714285,8,56
board_1_416,0.7666666666666667,23,30
board_1_41654,0.3191489361702128,15,47
board_1_41655,0.027777777777777776,1,36
board_1_58,0.10714285714285714,3,28
